1.000000,0.524653,0.510317,0.538034,0.516455,0.501222,0.505887,0.518327,0.538614,0.507043,0.537396,0.512766,0.542240,0.498816,0.510126,0.505787,0.522560,0.525304,0.489685,0.522597,0.493063,0.496890,0.548213,0.510208,0.520173,0.514710,0.516661,0.538150,0.522403,0.543222,0.533489,0.499207,0.531691,0.525004,0.503688,0.511264,0.511275,0.524171,0.529880,0.538936,0.525330,0.515357,0.513243,0.531544,0.510822,0.524574,0.497821,0.504611,0.487250,0.548369,0.519418,0.522975,0.514899,0.511641,0.568221,0.560690,0.504602,0.528817,0.555612,0.538547,0.513755,0.507015,0.494640,0.544759,0.510551,0.552482,0.547626,0.524839,0.519183,0.530339,0.533704,0.537572,0.536837,0.522383,0.534547,0.505851,0.526504,0.486390,0.529716,0.517157,0.527929,0.530392,0.508561,0.532042,0.536194,0.499810,0.518383,0.510200,0.524771,0.553011,0.488917,0.495756,0.507398,0.507764,0.516118,0.516317,0.505485,0.520902,0.490933,0.524370,0.486425,0.506426,0.522410,0.521328,0.530743,0.517530,0.520461,0.529317,0.525108,0.513522,0.536643,0.526241,0.511416,0.503036,0.485831,0.518397,0.518989,0.510896,0.530107,0.515913,0.494753,0.522649,0.529427,0.492746,0.528379,0.502186,0.529739,0.512130,0.549280
0.524653,1.000000,0.733037,0.516326,0.512155,0.567403,0.626408,0.571849,0.552847,0.549225,0.518427,0.528562,0.546917,0.529383,0.546575,0.567828,0.554828,0.533441,0.565424,0.569112,0.590334,0.546115,0.638279,0.518344,0.528849,0.536555,0.497668,0.562275,0.679597,0.529061,0.738134,0.530695,0.717635,0.506113,0.527774,0.503766,0.514302,0.501881,0.535399,0.540388,0.567274,0.528580,0.544576,0.625038,0.512215,0.542423,0.541878,0.539094,0.482396,0.566393,0.521086,0.519824,0.527367,0.503014,0.522489,0.520653,0.548072,0.723271,0.565703,0.567684,0.779984,0.532544,0.501048,0.558283,0.531559,0.608262,0.716465,0.705739,0.526003,0.540851,0.542399,0.531384,0.489897,0.529335,0.516212,0.482394,0.536751,0.560325,0.535916,0.533078,0.515468,0.568578,0.499978,0.524007,0.533279,0.555930,0.529806,0.522636,0.715494,0.559151,0.594579,0.544020,0.522018,0.532134,0.549494,0.513006,0.547319,0.540656,0.512540,0.527237,0.496846,0.523735,0.802777,0.934590,0.799222,0.774956,0.796877,0.931270,0.936176,0.787620,0.540245,0.502795,0.561683,0.573186,0.514455,0.534289,0.536181,0.528980,0.545463,0.526073,0.540070,0.518305,0.515939,0.513578,0.533955,0.515850,0.553535,0.567866,0.555039
0.510317,0.733037,1.000000,0.523883,0.505329,0.564461,0.623816,0.535571,0.563214,0.550946,0.518144,0.537737,0.545337,0.526918,0.530982,0.562959,0.557964,0.520683,0.553945,0.549379,0.558794,0.530959,0.624718,0.495745,0.530678,0.552258,0.517608,0.567050,0.600317,0.512191,0.656693,0.551030,0.647727,0.501283,0.535294,0.500926,0.501359,0.515329,0.533400,0.538658,0.547816,0.523696,0.543024,0.613396,0.532020,0.548893,0.534630,0.547603,0.463783,0.548351,0.522115,0.531276,0.516567,0.490013,0.504120,0.499133,0.533739,0.642132,0.536147,0.556877,0.709728,0.496925,0.522802,0.548088,0.523904,0.601455,0.645811,0.674756,0.534899,0.515862,0.535889,0.534267,0.503998,0.501367,0.536421,0.495566,0.519585,0.554444,0.543322,0.538626,0.522356,0.568870,0.489983,0.532273,0.529665,0.566471,0.545117,0.499469,0.668213,0.569347,0.559098,0.558766,0.515666,0.507634,0.540608,0.494920,0.521475,0.505781,0.508231,0.523250,0.490109,0.490894,0.726069,0.726102,0.717266,0.806911,0.717472,0.715141,0.722236,0.720879,0.536574,0.507961,0.542489,0.566700,0.520700,0.528734,0.538285,0.518283,0.519288,0.532875,0.531086,0.495135,0.479363,0.489352,0.520080,0.508277,0.556658,0.549366,0.556601
0.538034,0.516326,0.523883,1.000000,0.598934,0.522303,0.495085,0.544568,0.511413,0.529837,0.526481,0.520496,0.509458,0.492580,0.510596,0.512903,0.517463,0.505411,0.499729,0.508539,0.526959,0.519102,0.541649,0.487571,0.528636,0.522266,0.475334,0.521996,0.514821,0.525727,0.523840,0.520216,0.521116,0.507244,0.539857,0.540648,0.525442,0.531578,0.546614,0.519226,0.519043,0.505719,0.506995,0.535372,0.508989,0.507990,0.505777,0.515380,0.495612,0.501943,0.530729,0.505792,0.506106,0.554848,0.507602,0.505302,0.518000,0.521176,0.530090,0.519660,0.526597,0.520186,0.505083,0.523502,0.523412,0.535560,0.519892,0.549250,0.522120,0.511538,0.528841,0.495126,0.521758,0.507157,0.510071,0.507850,0.496578,0.538594,0.527465,0.504495,0.520649,0.533534,0.563647,0.563712,0.508144,0.479437,0.525048,0.519637,0.547628,0.541571,0.533312,0.493631,0.530618,0.546258,0.506873,0.584162,0.565957,0.595956,0.573335,0.577271,0.604947,0.573802,0.519418,0.515850,0.516273,0.522099,0.514395,0.511362,0.525863,0.515112,0.535982,0.518742,0.482089,0.508028,0.499641,0.524305,0.504797,0.531827,0.535297,0.511319,0.545252,0.530061,0.547872,0.521000,0.502475,0.542585,0.518125,0.517844,0.540905
0.516455,0.512155,0.505329,0.598934,1.000000,0.492021,0.495023,0.541499,0.510194,0.513700,0.527122,0.510199,0.515275,0.531919,0.532833,0.496830,0.472947,0.498103,0.504424,0.509774,0.535142,0.496746,0.504869,0.504414,0.505546,0.502948,0.483445,0.528487,0.525100,0.513579,0.513068,0.518216,0.520291,0.510656,0.510212,0.565739,0.514012,0.511192,0.539534,0.537681,0.508860,0.488411,0.525903,0.501989,0.509826,0.511583,0.496542,0.509791,0.519763,0.507636,0.483647,0.533654,0.527192,0.527233,0.512696,0.512022,0.521812,0.515030,0.519625,0.534794,0.522764,0.492153,0.487838,0.518207,0.543985,0.509109,0.532196,0.511046,0.509285,0.518590,0.507590,0.500474,0.513056,0.503819,0.517096,0.506475,0.509968,0.523132,0.510513,0.504569,0.497132,0.532849,0.551211,0.528915,0.504269,0.498100,0.526319,0.526854,0.520092,0.545558,0.527232,0.498754,0.555294,0.569779,0.500939,0.568846,0.571165,0.563575,0.552134,0.563682,0.588538,0.568496,0.516034,0.512475,0.516370,0.511325,0.523123,0.508211,0.521785,0.517950,0.522837,0.500990,0.503358,0.490941,0.530135,0.535652,0.548297,0.546486,0.520004,0.524017,0.548379,0.540672,0.549800,0.539197,0.514254,0.535343,0.515096,0.549025,0.520818
0.501222,0.567403,0.564461,0.522303,0.492021,1.000000,0.541481,0.520848,0.533229,0.526704,0.509089,0.513360,0.496451,0.501021,0.474038,0.526875,0.510500,0.541130,0.539104,0.531728,0.523537,0.527289,0.532665,0.479386,0.512619,0.524705,0.526440,0.539278,0.523719,0.516106,0.548018,0.534465,0.557754,0.496953,0.505084,0.490825,0.493100,0.536566,0.511606,0.497441,0.514401,0.510430,0.531029,0.518579,0.514803,0.496757,0.530167,0.515274,0.481665,0.523439,0.515034,0.502489,0.496262,0.522683,0.497434,0.506970,0.504277,0.524632,0.488372,0.527465,0.546995,0.508268,0.515776,0.527508,0.527099,0.518371,0.530937,0.552737,0.508358,0.520247,0.528854,0.514083,0.523775,0.529895,0.518383,0.516579,0.499565,0.547303,0.517770,0.513545,0.507590,0.534376,0.498257,0.496794,0.533024,0.497897,0.520921,0.509455,0.538712,0.519724,0.530485,0.516895,0.527075,0.506516,0.511091,0.480007,0.496416,0.516703,0.491599,0.462932,0.498613,0.532121,0.558181,0.557231,0.565347,0.548415,0.558032,0.560323,0.564056,0.560276,0.511974,0.514213,0.526508,0.531258,0.493187,0.485679,0.495070,0.506091,0.511898,0.506555,0.507947,0.485779,0.497334,0.495511,0.522782,0.486667,0.513531,0.518644,0.504474
0.505887,0.626408,0.623816,0.495085,0.495023,0.541481,1.000000,0.536238,0.515658,0.527187,0.521165,0.507580,0.522855,0.540999,0.528260,0.584187,0.556118,0.552034,0.550794,0.543568,0.549964,0.503771,0.617632,0.501447,0.490911,0.554468,0.529698,0.561398,0.552750,0.528376,0.649015,0.518675,0.656190,0.508379,0.504529,0.504967,0.489829,0.501700,0.527044,0.507588,0.532505,0.534216,0.528775,0.616453,0.488360,0.511407,0.558685,0.523003,0.505370,0.544880,0.538503,0.507865,0.537679,0.531581,0.549558,0.514606,0.543686,0.597692,0.514536,0.546370,0.628122,0.502718,0.542161,0.518166,0.529034,0.601820,0.633589,0.639956,0.526265,0.518370,0.533639,0.526973,0.519568,0.512853,0.534766,0.454938,0.496950,0.541644,0.514099,0.546409,0.533940,0.533780,0.489532,0.521655,0.513397,0.536018,0.544138,0.508349,0.642719,0.511791,0.542343,0.554964,0.521602,0.523003,0.531581,0.485870,0.526176,0.509286,0.527781,0.512128,0.518467,0.516311,0.617078,0.620176,0.602640,0.615045,0.610537,0.618420,0.611356,0.598387,0.517779,0.512349,0.586108,0.538297,0.529620,0.515943,0.521426,0.516216,0.525411,0.526440,0.501981,0.517111,0.511712,0.495385,0.532431,0.508471,0.545897,0.543090,0.559745
0.518327,0.571849,0.535571,0.544568,0.541499,0.520848,0.536238,1.000000,0.543348,0.535334,0.531294,0.504027,0.519009,0.497213,0.521741,0.504638,0.500287,0.475424,0.492398,0.529402,0.529695,0.508350,0.544662,0.520312,0.520383,0.504436,0.478205,0.552819,0.553850,0.517292,0.590003,0.515064,0.575151,0.494599,0.528455,0.524863,0.527689,0.533874,0.554054,0.522016,0.547542,0.495631,0.525491,0.552461,0.504047,0.519682,0.506731,0.513256,0.505787,0.533693,0.525232,0.499252,0.511504,0.511704,0.509070,0.489299,0.519787,0.580942,0.559201,0.539327,0.595873,0.500595,0.509463,0.536088,0.548637,0.556048,0.575727,0.563811,0.532465,0.552724,0.526729,0.518393,0.519196,0.521193,0.523992,0.524486,0.511887,0.542761,0.534599,0.518948,0.511525,0.535343,0.501745,0.515049,0.522741,0.501526,0.523545,0.505021,0.562294,0.536520,0.558710,0.503735,0.505764,0.518988,0.523895,0.533878,0.527920,0.512651,0.499444,0.523562,0.506090,0.505083,0.583344,0.563444,0.585097,0.544541,0.583967,0.566562,0.575241,0.565942,0.516465,0.501997,0.503973,0.498408,0.525680,0.520745,0.508141,0.517960,0.545491,0.522252,0.516024,0.516873,0.531563,0.496899,0.517811,0.499573,0.519921,0.544122,0.556521
0.538614,0.552847,0.563214,0.511413,0.510194,0.533229,0.515658,0.543348,1.000000,0.532829,0.531798,0.536772,0.558480,0.531467,0.530314,0.515585,0.486833,0.511337,0.495615,0.552320,0.528975,0.506059,0.529097,0.520899,0.521549,0.500279,0.512744,0.510216,0.523096,0.519012,0.546833,0.484737,0.546621,0.512833,0.541760,0.521418,0.528735,0.543289,0.538962,0.547015,0.508017,0.516787,0.496937,0.528735,0.543073,0.547081,0.531519,0.535237,0.496961,0.555762,0.505647,0.495884,0.498975,0.504691,0.510433,0.493316,0.494188,0.540615,0.540139,0.544193,0.553203,0.488585,0.515352,0.597274,0.538621,0.527036,0.543218,0.560090,0.533991,0.583722,0.534006,0.492920,0.510338,0.507378,0.503501,0.502647,0.523718,0.535440,0.559459,0.540210,0.518814,0.535474,0.498508,0.504637,0.505145,0.506633,0.522017,0.524758,0.538578,0.535983,0.530889,0.494332,0.511965,0.505404,0.503103,0.510481,0.518893,0.528467,0.520802,0.525492,0.496221,0.492006,0.545042,0.544166,0.542482,0.547660,0.537817,0.537856,0.547372,0.556627,0.520022,0.496315,0.532595,0.505818,0.494367,0.511873,0.522645,0.504574,0.513826,0.494232,0.504491,0.498888,0.514312,0.486267,0.554773,0.528253,0.536009,0.520548,0.528463
0.507043,0.549225,0.550946,0.529837,0.513700,0.526704,0.527187,0.535334,0.532829,1.000000,0.529645,0.520473,0.531593,0.503015,0.547721,0.522977,0.523810,0.500217,0.506436,0.550239,0.535001,0.537844,0.539360,0.499909,0.508584,0.522769,0.542812,0.527011,0.554344,0.527538,0.548792,0.527452,0.539874,0.511366,0.516086,0.522725,0.513282,0.508017,0.538774,0.524597,0.591506,0.511891,0.510162,0.537385,0.514694,0.533800,0.575335,0.570947,0.513799,0.550902,0.522148,0.504715,0.508684,0.516662,0.495743,0.506724,0.491045,0.546598,0.506412,0.538247,0.563843,0.497607,0.497121,0.545519,0.531557,0.526650,0.528183,0.567060,0.520629,0.522279,0.518620,0.521244,0.527430,0.530390,0.494846,0.528476,0.532155,0.528404,0.526318,0.514059,0.521516,0.542827,0.487122,0.538661,0.523953,0.490875,0.522023,0.498608,0.549178,0.533850,0.574030,0.504329,0.519694,0.514177,0.527664,0.521172,0.510947,0.518536,0.518593,0.531410,0.533553,0.523506,0.543671,0.550021,0.541532,0.555623,0.540837,0.549034,0.548920,0.550888,0.538714,0.526415,0.506576,0.490328,0.518970,0.527268,0.523765,0.531247,0.514355,0.516105,0.503922,0.510507,0.515204,0.498452,0.525323,0.527205,0.531235,0.553870,0.527893
0.537396,0.518427,0.518144,0.526481,0.527122,0.509089,0.521165,0.531294,0.531798,0.529645,1.000000,0.585921,0.596543,0.503378,0.519348,0.515419,0.501823,0.511701,0.520882,0.540457,0.500990,0.514603,0.549281,0.511329,0.553015,0.507421,0.506203,0.517475,0.522191,0.520490,0.530584,0.533271,0.529783,0.474717,0.535435,0.487273,0.521296,0.555809,0.548855,0.535099,0.553073,0.535080,0.533183,0.556417,0.538635,0.544198,0.513255,0.517751,0.489352,0.519168,0.507912,0.511116,0.516738,0.504974,0.510646,0.530100,0.481199,0.522335,0.539408,0.523471,0.547678,0.517466,0.516503,0.574063,0.534446,0.555699,0.526984,0.529775,0.508236,0.548624,0.540299,0.525504,0.529374,0.518017,0.503835,0.533268,0.522208,0.505291,0.536954,0.526679,0.525937,0.542053,0.506175,0.495184,0.521111,0.510608,0.507886,0.508532,0.543080,0.549610,0.524244,0.520901,0.509652,0.497264,0.551009,0.525217,0.495563,0.505091,0.490711,0.521447,0.489898,0.503195,0.505756,0.518795,0.509548,0.522619,0.504628,0.515553,0.519426,0.521479,0.529387,0.519215,0.508606,0.495134,0.516152,0.507615,0.514982,0.505751,0.508192,0.488517,0.489087,0.506189,0.538410,0.492569,0.550463,0.488385,0.537196,0.507319,0.548682
0.512766,0.528562,0.537737,0.520496,0.510199,0.513360,0.507580,0.504027,0.536772,0.520473,0.585921,1.000000,0.616740,0.528952,0.511792,0.503235,0.504160,0.468286,0.516161,0.528635,0.548548,0.529997,0.553207,0.506403,0.522684,0.495766,0.504780,0.503636,0.533653,0.530959,0.524320,0.523204,0.516144,0.509122,0.541712,0.507297,0.512713,0.573541,0.535083,0.523810,0.531070,0.530420,0.550054,0.548784,0.532935,0.531171,0.509419,0.546695,0.495186,0.544763,0.500766,0.507917,0.535692,0.509680,0.523605,0.524537,0.530155,0.519155,0.549132,0.543523,0.553959,0.503634,0.507692,0.541129,0.518063,0.546998,0.506444,0.530400,0.503432,0.569166,0.556622,0.507705,0.521430,0.489342,0.499527,0.521768,0.538762,0.531106,0.578723,0.512323,0.520270,0.552728,0.512564,0.519415,0.504741,0.512513,0.525594,0.506278,0.532230,0.572332,0.527291,0.512283,0.516700,0.513500,0.527153,0.505281,0.508157,0.533133,0.498723,0.479401,0.514345,0.522251,0.532699,0.530528,0.525174,0.546472,0.527955,0.517484,0.524946,0.546349,0.511268,0.523094,0.496716,0.511948,0.495441,0.501928,0.517910,0.478248,0.510819,0.511050,0.511761,0.524173,0.496753,0.493830,0.548726,0.516056,0.524708,0.537991,0.560491
0.542240,0.546917,0.545337,0.509458,0.515275,0.496451,0.522855,0.519009,0.558480,0.531593,0.596543,0.616740,1.000000,0.535770,0.543385,0.500353,0.523005,0.488723,0.539692,0.552391,0.522260,0.515164,0.549533,0.519524,0.526000,0.498221,0.489015,0.525028,0.539749,0.547284,0.541903,0.525541,0.529151,0.506988,0.558708,0.515388,0.520645,0.554464,0.517520,0.532486,0.535335,0.532487,0.538551,0.553473,0.533828,0.540279,0.535862,0.517156,0.484800,0.548871,0.471321,0.520011,0.496308,0.527473,0.538876,0.525513,0.517896,0.545285,0.525048,0.537209,0.564594,0.503468,0.507701,0.555531,0.526998,0.548684,0.551553,0.558553,0.526233,0.559676,0.543667,0.515427,0.532226,0.484938,0.522145,0.509746,0.547071,0.494968,0.543769,0.509006,0.527128,0.526316,0.509064,0.529749,0.493399,0.507517,0.518937,0.516219,0.553483,0.547633,0.519157,0.521835,0.516640,0.517966,0.534308,0.503288,0.499740,0.523653,0.515500,0.499246,0.496330,0.514043,0.543773,0.544507,0.551630,0.542729,0.543838,0.534906,0.545809,0.562491,0.528076,0.552245,0.507118,0.504770,0.515987,0.523260,0.536998,0.533919,0.524858,0.514810,0.503974,0.537876,0.526304,0.482559,0.546767,0.516594,0.510756,0.519879,0.537540
0.498816,0.529383,0.526918,0.492580,0.531919,0.501021,0.540999,0.497213,0.531467,0.503015,0.503378,0.528952,0.535770,1.000000,0.514081,0.504592,0.496046,0.531409,0.519000,0.522329,0.523301,0.509834,0.529373,0.498749,0.521853,0.487215,0.492462,0.508150,0.513725,0.485628,0.542102,0.494445,0.539675,0.525517,0.508791,0.516661,0.527362,0.520206,0.512124,0.530083,0.507577,0.525018,0.506877,0.523907,0.533688,0.526072,0.514458,0.515009,0.489426,0.479318,0.511165,0.532853,0.508755,0.518187,0.516506,0.504936,0.528895,0.517287,0.492818,0.506221,0.536533,0.525679,0.502521,0.518123,0.523369,0.523293,0.517907,0.537151,0.518235,0.545302,0.497520,0.487433,0.515435,0.505284,0.517975,0.510587,0.505970,0.523428,0.495192,0.510639,0.489771,0.495201,0.537893,0.522724,0.502238,0.503498,0.552204,0.519524,0.539501,0.531848,0.515887,0.498855,0.522222,0.527695,0.509953,0.524429,0.521086,0.538586,0.526592,0.506315,0.506815,0.497656,0.509247,0.526564,0.511539,0.517910,0.514617,0.528860,0.526204,0.512923,0.527432,0.527253,0.524572,0.538682,0.506833,0.497422,0.518742,0.498331,0.500608,0.528502,0.524707,0.513177,0.518601,0.503065,0.529049,0.509833,0.522531,0.500292,0.498699
0.510126,0.546575,0.530982,0.510596,0.532833,0.474038,0.528260,0.521741,0.530314,0.547721,0.519348,0.511792,0.543385,0.514081,1.000000,0.515777,0.505724,0.494800,0.521232,0.515397,0.522219,0.515066,0.517895,0.497652,0.518044,0.521647,0.514593,0.515698,0.552301,0.502671,0.550969,0.513598,0.542845,0.508873,0.547559,0.524915,0.501665,0.526621,0.518016,0.541677,0.532413,0.521423,0.531997,0.518907,0.517944,0.522915,0.496671,0.511786,0.480807,0.509833,0.500466,0.528025,0.514976,0.518051,0.501130,0.515598,0.520941,0.548605,0.512869,0.522779,0.548222,0.513666,0.501492,0.512263,0.526409,0.516374,0.535470,0.528701,0.528908,0.515890,0.534316,0.534461,0.497428,0.505468,0.524504,0.512892,0.525200,0.516913,0.512337,0.505141,0.516174,0.498125,0.486800,0.516236,0.521590,0.527009,0.525979,0.498562,0.534725,0.540873,0.546926,0.497893,0.497194,0.523897,0.508404,0.515669,0.517982,0.528593,0.524632,0.503840,0.514305,0.508591,0.528720,0.546151,0.542507,0.548466,0.532316,0.543850,0.539732,0.536692,0.529275,0.499714,0.534179,0.516836,0.495396,0.547698,0.514025,0.497923,0.496323,0.515729,0.496539,0.538023,0.540858,0.514937,0.516020,0.515282,0.503831,0.508948,0.514833
0.505787,0.567828,0.562959,0.512903,0.496830,0.526875,0.584187,0.504638,0.515585,0.522977,0.515419,0.503235,0.500353,0.504592,0.515777,1.000000,0.540980,0.552909,0.514403,0.523709,0.516773,0.530607,0.556941,0.490451,0.517885,0.543070,0.484256,0.551865,0.510223,0.530077,0.560862,0.536255,0.560157,0.533434,0.496762,0.479906,0.512313,0.500157,0.519723,0.523243,0.495245,0.530506,0.532658,0.560096,0.498668,0.506329,0.515313,0.498369,0.522972,0.510446,0.514236,0.507845,0.533055,0.496595,0.502999,0.513519,0.506271,0.537305,0.533508,0.525525,0.576763,0.511299,0.511698,0.519165,0.506052,0.542882,0.569813,0.573404,0.514955,0.498384,0.516962,0.514554,0.496891,0.520976,0.524575,0.494331,0.504634,0.498341,0.512553,0.510454,0.537388,0.540957,0.488862,0.504430,0.512378,0.512726,0.504131,0.504819,0.574861,0.502257,0.510889,0.554122,0.512914,0.497810,0.491787,0.487022,0.513156,0.501230,0.503593,0.511092,0.511586,0.492537,0.579208,0.559782,0.571838,0.555531,0.570824,0.565441,0.557309,0.558882,0.528763,0.512159,0.614180,0.625454,0.503206,0.530121,0.506511,0.503079,0.496328,0.503162,0.511873,0.519585,0.518297,0.520253,0.493224,0.485300,0.515717,0.500727,0.521262
0.522560,0.554828,0.557964,0.517463,0.472947,0.510500,0.556118,0.500287,0.486833,0.523810,0.501823,0.504160,0.523005,0.496046,0.505724,0.540980,1.000000,0.525801,0.526665,0.522937,0.484852,0.512435,0.552544,0.499164,0.539275,0.628173,0.518059,0.521052,0.535568,0.505171,0.570630,0.527504,0.560274,0.517555,0.516350,0.495639,0.499186,0.496438,0.517552,0.536442,0.532872,0.524112,0.530535,0.562530,0.523949,0.502714,0.524834,0.517460,0.492475,0.522158,0.552128,0.503781,0.504792,0.520438,0.501695,0.520746,0.500247,0.541926,0.492780,0.508989,0.582513,0.482389,0.534300,0.519290,0.491863,0.555221,0.541032,0.545393,0.526942,0.492760,0.505496,0.521147,0.502436,0.510648,0.512599,0.503477,0.497406,0.491583,0.523636,0.509797,0.520365,0.535729,0.482151,0.529316,0.517727,0.543743,0.513881,0.522111,0.559343,0.525270,0.519358,0.530413,0.511318,0.493999,0.532242,0.500130,0.475349,0.483168,0.480712,0.502029,0.503276,0.496483,0.555214,0.558708,0.565908,0.541355,0.558857,0.566693,0.563857,0.567707,0.525740,0.524358,0.524524,0.542519,0.579868,0.502376,0.499706,0.510703,0.504262,0.499220,0.504726,0.497953,0.498143,0.505865,0.510635,0.508979,0.538534,0.520462,0.539596
0.525304,0.533441,0.520683,0.505411,0.498103,0.541130,0.552034,0.475424,0.511337,0.500217,0.511701,0.468286,0.488723,0.531409,0.494800,0.552909,0.525801,1.000000,0.500819,0.498235,0.510112,0.512385,0.523354,0.495513,0.495526,0.527212,0.501868,0.517919,0.495960,0.519105,0.541912,0.512474,0.537485,0.500530,0.500273,0.516518,0.511657,0.473983,0.507557,0.506097,0.498789,0.515760,0.524178,0.507560,0.517687,0.503200,0.521153,0.517128,0.495398,0.492137,0.516408,0.503219,0.510518,0.497442,0.511474,0.494056,0.496712,0.511270,0.496777,0.490764,0.512741,0.538335,0.492782,0.517335,0.502224,0.510499,0.551499,0.535742,0.494471,0.501733,0.485534,0.495208,0.516274,0.522445,0.513587,0.507879,0.510281,0.535194,0.509001,0.495346,0.501598,0.485149,0.498411,0.491379,0.518604,0.510798,0.491219,0.508091,0.540791,0.502511,0.481669,0.540377,0.479005,0.478567,0.519684,0.501546,0.494924,0.501672,0.486385,0.505346,0.498154,0.498191,0.513979,0.536641,0.524439,0.511250,0.519352,0.533722,0.531913,0.515390,0.524338,0.504713,0.553515,0.566854,0.513827,0.511117,0.493480,0.521038,0.511272,0.506040,0.483619,0.504513,0.530095,0.494713,0.509396,0.499214,0.515704,0.505078,0.498129
0.489685,0.565424,0.553945,0.499729,0.504424,0.539104,0.550794,0.492398,0.495615,0.506436,0.520882,0.516161,0.539692,0.519000,0.521232,0.514403,0.526665,0.500819,1.000000,0.507310,0.528826,0.536100,0.525342,0.509415,0.508928,0.515858,0.526560,0.522176,0.545703,0.490558,0.535331,0.517862,0.533851,0.505695,0.517360,0.522747,0.495622,0.507902,0.513378,0.499524,0.504615,0.500346,0.502794,0.519009,0.495112,0.517004,0.505802,0.507157,0.497116,0.523832,0.496544,0.490852,0.503633,0.480124,0.493325,0.508609,0.501553,0.546102,0.515878,0.536426,0.554102,0.498661,0.495342,0.504613,0.465016,0.500518,0.544737,0.557093,0.506436,0.503909,0.520865,0.499306,0.470597,0.498207,0.525658,0.496523,0.514203,0.507101,0.521727,0.464555,0.517520,0.521334,0.492610,0.540666,0.498075,0.485717,0.503023,0.510442,0.542373,0.512785,0.520404,0.497676,0.504413,0.502448,0.527741,0.511525,0.497898,0.499461,0.500728,0.488353,0.485874,0.502438,0.555814,0.560653,0.555803,0.552436,0.562303,0.558498,0.561825,0.561907,0.523264,0.506391,0.499907,0.521289,0.492406,0.512210,0.522850,0.531180,0.503269,0.511175,0.507775,0.520411,0.483427,0.495993,0.516438,0.521984,0.529964,0.526528,0.514630
0.522597,0.569112,0.549379,0.508539,0.509774,0.531728,0.543568,0.529402,0.552320,0.550239,0.540457,0.528635,0.552391,0.522329,0.515397,0.523709,0.522937,0.498235,0.507310,1.000000,0.540713,0.525838,0.556134,0.511175,0.528777,0.528400,0.517562,0.526373,0.543063,0.514328,0.566291,0.523900,0.568242,0.505505,0.536922,0.510999,0.506725,0.524951,0.540554,0.526676,0.588756,0.478169,0.533228,0.558285,0.526692,0.514361,0.556549,0.547174,0.506585,0.590802,0.514619,0.488069,0.524789,0.510591,0.496737,0.523747,0.501347,0.566313,0.529146,0.549052,0.571698,0.493189,0.522836,0.536755,0.529072,0.549477,0.545596,0.586463,0.518962,0.554309,0.536885,0.513752,0.522158,0.536864,0.485720,0.507680,0.522621,0.507021,0.507695,0.525130,0.487269,0.544880,0.513544,0.514664,0.511637,0.538633,0.524110,0.517903,0.560829,0.531322,0.529092,0.492608,0.522358,0.508919,0.511992,0.520150,0.544436,0.528772,0.529023,0.550246,0.534649,0.518664,0.574802,0.578328,0.579355,0.564496,0.566564,0.570335,0.574611,0.588123,0.508221,0.527677,0.517307,0.510053,0.500784,0.515727,0.498120,0.523800,0.523900,0.500097,0.524635,0.518627,0.515136,0.503643,0.543517,0.526926,0.514148,0.517043,0.546129
0.493063,0.590334,0.558794,0.526959,0.535142,0.523537,0.549964,0.529695,0.528975,0.535001,0.500990,0.548548,0.522260,0.523301,0.522219,0.516773,0.484852,0.510112,0.528826,0.540713,1.000000,0.546938,0.512007,0.509429,0.527519,0.507319,0.486576,0.513881,0.600876,0.528641,0.600744,0.494493,0.588995,0.510992,0.508899,0.511571,0.496656,0.516713,0.515464,0.545175,0.536502,0.540633,0.516048,0.519497,0.522923,0.548221,0.519893,0.519416,0.519583,0.514379,0.499936,0.512662,0.517458,0.527077,0.522278,0.514495,0.521818,0.621366,0.519916,0.543457,0.594605,0.517700,0.515225,0.516420,0.525779,0.507173,0.571609,0.565695,0.494721,0.534114,0.504044,0.502040,0.504622,0.507566,0.516019,0.498046,0.511899,0.542925,0.539403,0.509661,0.506534,0.549800,0.512133,0.517714,0.513833,0.497048,0.529042,0.513547,0.567094,0.558168,0.566669,0.479896,0.510140,0.526921,0.518019,0.544928,0.529257,0.557203,0.532677,0.510583,0.528238,0.502312,0.610549,0.595040,0.601491,0.575275,0.612170,0.577816,0.595359,0.595501,0.515791,0.504174,0.530228,0.511337,0.508908,0.517778,0.535930,0.505111,0.532287,0.503000,0.509299,0.518296,0.524924,0.516604,0.503880,0.513624,0.504095,0.546996,0.558650
0.496890,0.546115,0.530959,0.519102,0.496746,0.527289,0.503771,0.508350,0.506059,0.537844,0.514603,0.529997,0.515164,0.509834,0.515066,0.530607,0.512435,0.512385,0.536100,0.525838,0.546938,1.000000,0.533488,0.481316,0.492330,0.512517,0.479464,0.497290,0.516809,0.544663,0.566205,0.508985,0.557881,0.539108,0.552961,0.525550,0.488405,0.537435,0.522224,0.523578,0.581436,0.511872,0.528643,0.531235,0.513632,0.518076,0.559537,0.565413,0.518702,0.528741,0.506217,0.491949,0.505612,0.508752,0.508782,0.526357,0.509919,0.544466,0.517165,0.525872,0.556619,0.517472,0.506440,0.500788,0.503033,0.521503,0.525365,0.524015,0.518954,0.531997,0.533376,0.500764,0.509685,0.488801,0.502768,0.526384,0.502069,0.510469,0.534988,0.487212,0.490092,0.506446,0.514925,0.530524,0.521481,0.525148,0.515544,0.532064,0.534950,0.530156,0.538472,0.509623,0.506356,0.525199,0.525791,0.497879,0.491237,0.525226,0.496582,0.500088,0.492891,0.526885,0.561589,0.547748,0.559632,0.553803,0.553963,0.545051,0.548607,0.558626,0.536582,0.518379,0.509958,0.523207,0.504432,0.520347,0.524484,0.524231,0.530649,0.492832,0.530224,0.513373,0.533458,0.519659,0.519000,0.525571,0.523071,0.514185,0.525360
0.548213,0.638279,0.624718,0.541649,0.504869,0.532665,0.617632,0.544662,0.529097,0.539360,0.549281,0.553207,0.549533,0.529373,0.517895,0.556941,0.552544,0.523354,0.525342,0.556134,0.512007,0.533488,1.000000,0.522398,0.553276,0.536846,0.492484,0.565227,0.559644,0.551190,0.628159,0.576355,0.631512,0.564802,0.570396,0.502684,0.552849,0.519964,0.571768,0.571090,0.565615,0.556992,0.557012,0.926694,0.536444,0.538897,0.559675,0.580931,0.495960,0.592376,0.567673,0.525747,0.530272,0.550851,0.523006,0.509260,0.558474,0.577976,0.578657,0.586410,0.682380,0.530695,0.503189,0.560625,0.534415,0.911495,0.622629,0.657426,0.536447,0.538090,0.562262,0.550112,0.515075,0.549626,0.547533,0.538500,0.548190,0.551529,0.529881,0.544663,0.509497,0.597489,0.523736,0.537974,0.564995,0.564082,0.520442,0.495629,0.678395,0.618621,0.551182,0.567481,0.542077,0.539529,0.565234,0.501695,0.554119,0.535815,0.535027,0.540703,0.509238,0.539755,0.599612,0.614613,0.590734,0.627359,0.597985,0.627155,0.617899,0.600503,0.557984,0.532427,0.554489,0.576423,0.508187,0.523863,0.520334,0.529138,0.535039,0.517031,0.526603,0.522704,0.506330,0.492184,0.556785,0.511191,0.574583,0.535490,0.606027
0.510208,0.518344,0.495745,0.487571,0.504414,0.479386,0.501447,0.520312,0.520899,0.499909,0.511329,0.506403,0.519524,0.498749,0.497652,0.490451,0.499164,0.495513,0.509415,0.511175,0.509429,0.481316,0.522398,1.000000,0.513038,0.498694,0.489610,0.493976,0.510783,0.511228,0.531672,0.503900,0.533430,0.504777,0.500191,0.538523,0.501085,0.492718,0.517019,0.506466,0.512588,0.504966,0.516215,0.524582,0.505813,0.526249,0.521593,0.494487,0.495069,0.481578,0.486680,0.503647,0.502377,0.500861,0.508385,0.477718,0.505998,0.505744,0.513041,0.515892,0.538744,0.501242,0.498020,0.501364,0.483562,0.532296,0.518467,0.514773,0.524079,0.506686,0.497289,0.522440,0.498298,0.514355,0.496968,0.523504,0.493411,0.514844,0.517213,0.477387,0.517664,0.507424,0.502782,0.501078,0.502228,0.487689,0.503164,0.475122,0.509381,0.521492,0.513409,0.489162,0.499953,0.487969,0.508851,0.483157,0.519391,0.509641,0.505952,0.529800,0.511812,0.499985,0.515270,0.511560,0.519202,0.494388,0.519426,0.523821,0.521931,0.523245,0.510852,0.488259,0.510514,0.513056,0.518322,0.523141,0.526424,0.509025,0.516086,0.528029,0.526767,0.506015,0.509575,0.504610,0.525235,0.522238,0.512064,0.487200,0.509617
0.520173,0.528849,0.530678,0.528636,0.505546,0.512619,0.490911,0.520383,0.521549,0.508584,0.553015,0.522684,0.526000,0.521853,0.518044,0.517885,0.539275,0.495526,0.508928,0.528777,0.527519,0.492330,0.553276,0.513038,1.000000,0.521119,0.488482,0.509184,0.548531,0.525552,0.544864,0.528304,0.535176,0.480242,0.522933,0.508783,0.513584,0.544281,0.517723,0.508880,0.537729,0.524642,0.510644,0.554722,0.603644,0.599623,0.503459,0.506637,0.493299,0.531108,0.522792,0.529212,0.524630,0.500811,0.497895,0.522740,0.493603,0.531358,0.520041,0.504666,0.557746,0.493332,0.506828,0.546589,0.518450,0.558075,0.514049,0.523422,0.521588,0.540408,0.538090,0.495675,0.511958,0.503479,0.509660,0.507684,0.527328,0.524937,0.558597,0.510447,0.494151,0.520290,0.499748,0.510870,0.511654,0.499253,0.522947,0.490836,0.528717,0.544566,0.497567,0.481692,0.492446,0.513131,0.527058,0.521464,0.509658,0.512319,0.479281,0.512626,0.523284,0.490196,0.505357,0.539401,0.513636,0.527524,0.513513,0.526039,0.532084,0.509237,0.516968,0.503337,0.511055,0.491724,0.508952,0.503230,0.483138,0.487110,0.495737,0.479807,0.512994,0.490127,0.512761,0.490884,0.528753,0.511479,0.516719,0.506012,0.525175
0.514710,0.536555,0.552258,0.522266,0.502948,0.524705,0.554468,0.504436,0.500279,0.522769,0.507421,0.495766,0.498221,0.487215,0.521647,0.543070,0.628173,0.527212,0.515858,0.528400,0.507319,0.512517,0.536846,0.498694,0.521119,1.000000,0.503392,0.516142,0.505315,0.498140,0.547099,0.513769,0.542138,0.516740,0.522591,0.513308,0.512266,0.509175,0.495819,0.522789,0.533936,0.533434,0.512918,0.524166,0.488836,0.513625,0.482950,0.522473,0.507449,0.512151,0.526737,0.523661,0.527381,0.498893,0.522166,0.512527,0.509487,0.524468,0.489547,0.499648,0.554472,0.500732,0.512299,0.502821,0.523335,0.520021,0.542746,0.542528,0.511870,0.503186,0.506094,0.511300,0.486968,0.514424,0.493386,0.504210,0.494400,0.511301,0.506865,0.506457,0.509128,0.501512,0.500583,0.513479,0.524006,0.517653,0.499812,0.508986,0.555549,0.519696,0.517407,0.518095,0.518295,0.490295,0.497325,0.512589,0.495153,0.488593,0.513890,0.482867,0.492985,0.501410,0.524275,0.533450,0.530799,0.535867,0.528042,0.538837,0.538327,0.526292,0.539106,0.517746,0.515658,0.513278,0.500303,0.504121,0.511119,0.506845,0.513093,0.527150,0.506741,0.511622,0.480658,0.518298,0.494225,0.501626,0.526450,0.509521,0.543306
0.516661,0.497668,0.517608,0.475334,0.483445,0.526440,0.529698,0.478205,0.512744,0.542812,0.506203,0.504780,0.489015,0.492462,0.514593,0.484256,0.518059,0.501868,0.526560,0.517562,0.486576,0.479464,0.492484,0.489610,0.488482,0.503392,1.000000,0.502078,0.492466,0.507875,0.497257,0.509075,0.508060,0.490723,0.534473,0.504970,0.485245,0.512947,0.484670,0.486876,0.500633,0.498455,0.524934,0.489754,0.505057,0.494606,0.525917,0.519198,0.516390,0.516519,0.500452,0.504394,0.496116,0.516565,0.507779,0.510512,0.526375,0.491964,0.479153,0.480182,0.497409,0.491188,0.521126,0.508070,0.476570,0.490019,0.491139,0.514542,0.517467,0.498599,0.504633,0.486617,0.478967,0.505313,0.473131,0.552326,0.492984,0.479563,0.525890,0.503616,0.528479,0.501040,0.500871,0.518816,0.521806,0.514656,0.514833,0.539575,0.502223,0.498952,0.512460,0.491096,0.528432,0.518418,0.505914,0.507401,0.494156,0.492528,0.491170,0.499538,0.499860,0.484617,0.499186,0.500547,0.498629,0.503549,0.491361,0.505735,0.511717,0.496554,0.505582,0.472067,0.495178,0.514537,0.502287,0.499616,0.519233,0.495878,0.502466,0.500105,0.487560,0.500439,0.508710,0.498577,0.515739,0.507355,0.514141,0.513479,0.492197
0.538150,0.562275,0.567050,0.521996,0.528487,0.539278,0.561398,0.552819,0.510216,0.527011,0.517475,0.503636,0.525028,0.508150,0.515698,0.551865,0.521052,0.517919,0.522176,0.526373,0.513881,0.497290,0.565227,0.493976,0.509184,0.516142,0.502078,1.000000,0.578924,0.527135,0.562610,0.587294,0.550449,0.500221,0.521093,0.501385,0.506313,0.498363,0.520073,0.523297,0.521010,0.554220,0.530949,0.560911,0.517796,0.504533,0.505033,0.534824,0.508928,0.554022,0.518046,0.502460,0.492985,0.509914,0.521868,0.530899,0.515850,0.565854,0.533330,0.532541,0.599842,0.507495,0.505007,0.518674,0.497910,0.558356,0.563457,0.576485,0.483808,0.517216,0.513321,0.518121,0.519742,0.491562,0.517922,0.497550,0.526777,0.518642,0.518487,0.523609,0.496997,0.515412,0.502656,0.538431,0.515983,0.545387,0.514139,0.486956,0.555177,0.543796,0.513093,0.548748,0.514157,0.517461,0.514859,0.505474,0.512268,0.523395,0.513395,0.516294,0.506658,0.513014,0.583327,0.560941,0.580040,0.582279,0.576990,0.564742,0.556945,0.568495,0.515524,0.537850,0.527883,0.563672,0.509349,0.533595,0.507980,0.540625,0.519300,0.540687,0.519676,0.518198,0.525261,0.489469,0.494261,0.513149,0.548006,0.523326,0.549303
0.522403,0.679597,0.600317,0.514821,0.525100,0.523719,0.552750,0.553850,0.523096,0.554344,0.522191,0.533653,0.539749,0.513725,0.552301,0.510223,0.535568,0.495960,0.545703,0.543063,0.600876,0.516809,0.559644,0.510783,0.548531,0.505315,0.492466,0.578924,1.000000,0.514345,0.756113,0.521617,0.712043,0.493415,0.540590,0.498884,0.488742,0.490072,0.515517,0.537616,0.563756,0.525937,0.537007,0.565548,0.529131,0.538534,0.538885,0.516495,0.475869,0.549163,0.506331,0.529515,0.503114,0.515077,0.544228,0.547503,0.521555,0.842960,0.543511,0.542081,0.730699,0.507294,0.500249,0.510076,0.526861,0.547889,0.674629,0.650808,0.528519,0.543671,0.524837,0.504486,0.495597,0.519519,0.522970,0.508994,0.548890,0.564264,0.565242,0.500720,0.506730,0.539280,0.509931,0.530822,0.556625,0.532541,0.561253,0.509182,0.652382,0.569298,0.596793,0.531463,0.492817,0.542288,0.557224,0.541591,0.532831,0.548651,0.544829,0.521087,0.500036,0.493237,0.729845,0.674618,0.718768,0.639540,0.719893,0.670959,0.671093,0.706988,0.525978,0.511366,0.504427,0.512268,0.527856,0.530364,0.533175,0.527329,0.534583,0.493888,0.517952,0.522250,0.532219,0.505152,0.540886,0.497550,0.556402,0.579869,0.548480
0.543222,0.529061,0.512191,0.525727,0.513579,0.516106,0.528376,0.517292,0.519012,0.527538,0.520490,0.530959,0.547284,0.485628,0.502671,0.530077,0.505171,0.519105,0.490558,0.514328,0.528641,0.544663,0.551190,0.511228,0.525552,0.498140,0.507875,0.527135,0.514345,1.000000,0.551632,0.532578,0.545033,0.504024,0.521354,0.509532,0.515799,0.526898,0.538622,0.559554,0.517422,0.551308,0.551035,0.536141,0.507039,0.528940,0.522866,0.505161,0.501612,0.522843,0.529301,0.514719,0.520601,0.515143,0.526006,0.534257,0.493417,0.513439,0.578639,0.549387,0.535962,0.512280,0.517097,0.544829,0.496493,0.534621,0.520127,0.523924,0.537604,0.530028,0.510076,0.523719,0.502251,0.524224,0.527994,0.503483,0.508093,0.528487,0.520856,0.522673,0.501506,0.538508,0.506409,0.537989,0.532790,0.556415,0.498714,0.509236,0.543419,0.546270,0.515712,0.502385,0.542184,0.511385,0.524526,0.494618,0.494088,0.523070,0.490611,0.503047,0.498741,0.531335,0.526554,0.526462,0.520493,0.519758,0.508253,0.514190,0.518677,0.525529,0.564540,0.509335,0.519333,0.517036,0.512981,0.524507,0.527094,0.524770,0.534047,0.528219,0.537406,0.529592,0.549505,0.526681,0.502210,0.518043,0.540082,0.514430,0.556601
0.533489,0.738134,0.656693,0.523840,0.513068,0.548018,0.649015,0.590003,0.546833,0.548792,0.530584,0.524320,0.541903,0.542102,0.550969,0.560862,0.570630,0.541912,0.535331,0.566291,0.600744,0.566205,0.628159,0.531672,0.544864,0.547099,0.497257,0.562610,0.756113,0.551632,1.000000,0.554020,0.919516,0.513973,0.547677,0.530737,0.490479,0.521714,0.543024,0.559397,0.596014,0.562472,0.557153,0.633793,0.531392,0.538616,0.544687,0.537578,0.493584,0.573339,0.530329,0.543382,0.525152,0.538068,0.532657,0.525613,0.537620,0.807474,0.572452,0.572130,0.829300,0.517806,0.537912,0.540755,0.562267,0.620959,0.758870,0.736524,0.555432,0.565497,0.527055,0.531796,0.503993,0.545520,0.552892,0.513979,0.536833,0.560040,0.560448,0.541702,0.510837,0.564452,0.529157,0.535126,0.549302,0.554152,0.558209,0.520261,0.723737,0.572648,0.604786,0.547473,0.517074,0.552742,0.557383,0.528748,0.541809,0.520483,0.533401,0.520602,0.488766,0.515895,0.773532,0.729753,0.763179,0.678803,0.759318,0.736585,0.738485,0.742112,0.573738,0.505054,0.540431,0.539517,0.531133,0.522701,0.558672,0.522974,0.543170,0.514831,0.535108,0.510363,0.534807,0.526102,0.567155,0.535617,0.576002,0.553705,0.579098
0.499207,0.530695,0.551030,0.520216,0.518216,0.534465,0.518675,0.515064,0.484737,0.527452,0.533271,0.523204,0.525541,0.494445,0.513598,0.536255,0.527504,0.512474,0.517862,0.523900,0.494493,0.508985,0.576355,0.503900,0.528304,0.513769,0.509075,0.587294,0.521617,0.532578,0.554020,1.000000,0.538036,0.512375,0.536684,0.510616,0.502866,0.500445,0.525097,0.522794,0.545415,0.510265,0.551071,0.572481,0.516968,0.538282,0.519874,0.502881,0.505403,0.515248,0.528819,0.501668,0.520793,0.511268,0.505746,0.533480,0.500634,0.516520,0.545259,0.530160,0.554393,0.514175,0.526733,0.509085,0.527829,0.562335,0.545954,0.547717,0.538991,0.521617,0.510904,0.503090,0.514934,0.511558,0.536795,0.509221,0.521441,0.505820,0.507340,0.518733,0.489495,0.529102,0.517080,0.529300,0.519243,0.539516,0.532720,0.519365,0.561302,0.559734,0.535379,0.515290,0.512740,0.498144,0.515203,0.494919,0.521380,0.510806,0.523886,0.519767,0.512726,0.524000,0.557705,0.527265,0.554901,0.557338,0.554067,0.522037,0.529617,0.560413,0.550301,0.520481,0.510938,0.534358,0.513037,0.518097,0.499015,0.511366,0.505720,0.507468,0.525940,0.505116,0.519507,0.497930,0.508540,0.502836,0.546951,0.496303,0.540486
0.531691,0.717635,0.647727,0.521116,0.520291,0.557754,0.656190,0.575151,0.546621,0.539874,0.529783,0.516144,0.529151,0.539675,0.542845,0.560157,0.560274,0.537485,0.533851,0.568242,0.588995,0.557881,0.631512,0.533430,0.535176,0.542138,0.508060,0.550449,0.712043,0.545033,0.919516,0.538036,1.000000,0.518642,0.546511,0.522684,0.490809,0.510856,0.546298,0.559327,0.581831,0.543680,0.551673,0.630461,0.527501,0.546531,0.531499,0.533293,0.490201,0.579596,0.532934,0.533859,0.513996,0.529911,0.531821,0.518902,0.546992,0.761710,0.552216,0.569883,0.805457,0.525212,0.543644,0.545349,0.562600,0.621208,0.745550,0.734104,0.546279,0.558087,0.523937,0.530662,0.511387,0.547853,0.546315,0.503843,0.532517,0.543381,0.565955,0.540833,0.497000,0.570311,0.524772,0.520850,0.547862,0.549335,0.556859,0.516713,0.701890,0.576641,0.592137,0.537415,0.510689,0.550950,0.549649,0.527696,0.540445,0.514386,0.533375,0.518038,0.488393,0.527193,0.743977,0.709743,0.739083,0.658861,0.732815,0.717105,0.714160,0.719556,0.564083,0.498667,0.522966,0.543837,0.524600,0.519067,0.547359,0.518918,0.551039,0.506721,0.532778,0.509652,0.524344,0.527985,0.557189,0.531019,0.568592,0.548552,0.578823
0.525004,0.506113,0.501283,0.507244,0.510656,0.496953,0.508379,0.494599,0.512833,0.511366,0.474717,0.509122,0.506988,0.525517,0.508873,0.533434,0.517555,0.500530,0.505695,0.505505,0.510992,0.539108,0.564802,0.504777,0.480242,0.516740,0.490723,0.500221,0.493415,0.504024,0.513973,0.512375,0.518642,1.000000,0.509531,0.539192,0.494354,0.510225,0.526424,0.540754,0.499675,0.512751,0.519421,0.555482,0.512591,0.497744,0.529439,0.516034,0.531083,0.517953,0.512742,0.515815,0.509434,0.513058,0.521615,0.504576,0.527098,0.495894,0.525099,0.518472,0.510986,0.544434,0.511374,0.512445,0.499570,0.552642,0.514216,0.507413,0.533432,0.512406,0.494115,0.496118,0.499961,0.512439,0.517421,0.514599,0.516528,0.505737,0.480529,0.521638,0.500455,0.521585,0.508102,0.508571,0.537247,0.499288,0.498522,0.498271,0.513173,0.547078,0.546518,0.534172,0.527593,0.529874,0.510762,0.508645,0.512046,0.526900,0.521917,0.504361,0.507767,0.520138,0.513068,0.493011,0.505833,0.519124,0.508476,0.498638,0.502335,0.513750,0.535804,0.517837,0.516505,0.534693,0.505101,0.520839,0.508123,0.545391,0.523018,0.501101,0.532313,0.518340,0.520083,0.519404,0.495087,0.549847,0.504115,0.499023,0.543745
